30.39
19.67
 1.78
16.03
 8.17
30.74
 0.00
 6.57
 0.04
 0.00
 9.74
 2.52
 5.71
25.70
 2.85
 4.47
 0.00
 0.22
30.93
 0.00
 0.45
31.71
 4.26
18.28
 6.79
26.19
21.57
 0.97
28.98
33.02
32.90
31.12
 5.34
30.58
26.13
27.99
21.80
 3.98
 2.06
14.24
 0.53
20.58
23.41
 8.75
18.89
28.70
 0.00
38.79
 2.56
23.15
14.07
 0.00
 0.02
27.27
 0.15
 0.00
41.64
 1.06
20.22
 4.63
 6.21
 6.69
10.19
35.42
20.50
21.68
27.57
20.96
19.20
20.78
23.13
 0.19
 7.33
22.73
 6.40
10.52
12.04
13.73
15.84
11.90
20.93
 1.02
23.93
20.07
10.23
14.98
28.48
18.29
18.95
25.80
 0.10
14.12
27.44
 0.00
28.76
 6.42
20.68
23.54
29.25
 0.11
 1.83
30.00
 1.92
14.13
14.36
16.74
18.75
26.28
16.67
10.02
30.99
26.66
 6.61
 5.30
 0.00
 4.19
 4.82
 2.09
17.52
17.24
17.44
10.85
23.26
 0.55
15.62
26.65
24.58
 5.72
 1.99
 0.34
 3.52
 1.05
 8.31
15.28
16.39
10.21
16.24
12.92
 0.00
 0.00
16.34
 6.40
 3.13
 0.00
13.45
 4.43
 0.01
26.25
 4.52
 6.04
21.21
10.69
 1.41
30.65
24.56
 0.00
16.50
10.80
22.78
 0.04
 0.41
21.13
 7.53
32.56
16.36
 0.37
 0.48
14.21
 7.08
13.76
 0.13
32.64
30.22
17.03
35.76
16.16
20.51
16.76
23.25
21.74
15.57
 0.00
22.83
18.39
19.66
 5.83
 0.04
15.17
12.65
12.38
 0.17
19.96
14.55
13.10
29.48
27.09
 2.46
 8.67
 1.12
18.62
18.01
 7.94
22.19
 6.32
 1.16
 0.00
18.97
22.88
17.58
12.82
15.65
36.34
 9.25
37.63
32.94
23.53
38.54
17.37
 0.90
 0.04
 1.26
 0.00
10.88
 0.00
 7.93
 7.86
18.47
 7.06
 0.21
18.10
25.14
20.03
21.94
15.10
27.64
 0.01
 0.12
 0.00
22.56
31.55
21.16
 9.70
13.88
 3.90
21.50
 9.77
11.36
19.33
23.23
28.08
 0.00
20.14
 8.56
 7.29
29.15
22.72
 6.13
 0.01
 2.79
12.11
 1.46
 0.00
19.36
27.44
 9.74
 0.00
16.53
18.21
 6.84
 0.00
 0.03
 0.00
 3.42
 7.30
20.99
12.32
 0.00
 0.34
 1.60
 1.83
11.84
 0.71
 0.00
16.99
25.02
33.84
19.18
 0.07
16.76
 5.15
36.08
 7.37
28.91
29.50
20.90
18.74
27.03
20.99
 0.32
27.85
10.27
 0.00
 2.67
36.50
18.14
 3.62
33.49
15.90
31.28
16.01
 9.29
 1.97
12.29
 0.25
23.37
24.95
11.26
 0.00
27.69
13.39
 0.83
 0.00
16.99
 0.08
 0.00
25.61
 4.92
30.92
 0.02
21.94
27.49
 0.00
22.44
15.35
23.29
 0.00
21.38
22.88
13.93
 0.15
23.95
 6.82
 6.62
26.00
14.78
39.65
 0.00
 8.86
20.16
 0.18
23.49
12.47
22.13
12.16
13.55
 0.18
 0.00
10.72
37.50
34.68
38.02
31.99
 2.16
 0.05
25.83
 3.43
32.45
16.97
 0.75
 0.26
 0.03
 0.00
 0.00
24.55
15.09
20.13
 5.16
28.40
23.27
36.67
 4.57
20.66
15.19
27.96
15.91
34.38
24.35
 0.80
22.40
 0.00
 2.54
 1.63
23.62
 5.07
25.20
 6.12
 0.07
27.32
 2.80
13.73
31.20
19.80
27.76
 4.29
29.15
 0.00
22.64
 8.05
30.68
 0.06
27.66
29.82
20.24
 5.78
 0.02
22.17
30.00
25.94
 3.15
30.92
34.73
 5.03
14.45
 1.19
 9.60
 0.00
20.48
12.49
 0.01
32.83
 4.29
 0.00
 0.41
38.69
 0.19
 7.47
31.36
 0.00
20.53
 4.24
 2.00
19.85
19.59
 9.99
 0.54
29.04
 6.75
 5.55
23.94
 9.17
24.14
 0.00
35.55
 0.00
 4.01
 0.37
30.30
15.83
 0.65
 9.73
16.88
15.85
15.95
25.26
 0.00
20.46
19.43
16.59
 0.00
27.23
24.40
14.69
 9.33
14.29
 0.11
 8.59
11.94
20.00
37.63
18.31
22.03
 9.62
 5.85
 0.00
34.33
16.58
12.64
 1.34
 0.11
 7.68
19.36
 0.00
25.46
29.11
 1.19
31.03
 0.93
 3.55
15.51
 0.07
19.84
 0.00
 1.19
 5.54
22.78
26.15
25.07
 9.23
24.97
 4.66
12.42
30.63
 0.52
30.54
30.05
 0.00
 4.96
 0.24
29.48
 7.18
21.86
 0.00
 0.52
 0.00
19.62
29.86
 7.25
29.40
 0.27
 0.00
30.22
36.67
26.28
16.63
21.31
17.15
20.37
 4.37
25.20
32.25
 5.47
 0.00
17.84
39.56
31.82
 7.41
 3.41
32.00
15.69
10.09
23.04
26.53
24.56
 1.27
 0.00
 1.15
38.38
 5.16
14.56
 8.21
 0.69
 0.00
33.16
 8.90
 0.00
 8.28
 0.26
 4.74
 2.48
17.28
10.76
 9.88
15.58
22.89
16.76
 0.01
23.97
32.24
 0.00
 0.19
10.10
26.85
14.17
31.90
24.63
23.29
21.90
20.10
24.41
26.07
 0.25
35.04
 0.20
 0.14
 0.02
 2.93
25.17
19.98
21.10
 8.11
 2.80
30.35
12.68
30.63
18.73
 0.09
15.25
24.73
 6.91
36.55
 2.93
29.14
 4.95
13.96
 0.00
33.30
21.58
15.45
20.72
 2.65
 0.00
32.62
 0.00
 6.29
 0.00
 2.28
 1.11
10.01
 0.18
10.98
 0.00
26.65
24.25
11.18
 5.58
 1.31
 0.62
 0.02
 1.89
 0.00
29.22
14.85
33.43
 4.97
14.70
36.58
33.68
 0.00
29.67
 0.00
 0.03
 0.03
23.21
 0.00
 4.06
 0.00
 0.01
16.39
 5.44
 0.05
26.44
36.99
22.77
 0.00
 0.22
 0.92
 8.93
 0.06
 2.56
 0.32
11.01
21.85
 0.49
26.36
 0.00
10.53
14.86
14.06
27.45
19.53
 9.19
13.76
22.59
 0.00
 0.01
25.87
19.93
11.64
 9.54
14.93
22.94
 9.36
36.25
 0.45
32.51
21.02
 1.10
22.79
20.84
33.20
 8.37
 6.92
29.63
 0.32
 0.00
30.26
15.79
 0.00
19.52
 9.88
30.97
 0.00
32.67
 0.00
10.55
14.33
28.95
31.63
 0.05
13.87
 8.07
 1.70
23.55
19.68
 0.16
 6.36
21.99
 1.23
 1.36
27.41
 0.75
28.23
 0.04
26.42
30.69
22.67
 1.61
20.54
 4.06
30.33
28.15
 0.00
 6.49
 0.00
23.94
 4.80
36.67
15.65
 3.37
31.46
35.32
30.08
17.80
 0.00
28.19
29.07
15.26
17.84
 0.00
 0.71
23.63
25.48
25.17
12.67
32.45
22.80
14.50
32.52
 0.03
21.79
16.91
12.17
 0.96
31.67
36.89
18.12
11.97
 0.01
25.71
 0.16
13.28
11.85
 0.00
10.77
 9.25
20.58
 9.36
32.79
29.09
 0.00
 0.06
 0.00
 2.26
 6.86
22.09
13.85
 1.57
19.26
21.73
 2.93
 5.25
 3.35
 6.29
 3.57
 1.00
34.06
 6.10
 7.68
14.59
14.47
17.27
30.54
29.95
 7.66
 0.00
 0.01
22.36
20.10
 8.40
 5.05
32.67
 0.02
30.82
16.24
14.30
 7.35
22.49
24.81
27.68
 0.74
18.00
19.08
 2.65
24.27
23.99
10.77
 4.03
 0.03
31.26
 0.00
33.47
 1.01
 0.04
 2.09
27.68
 7.29
20.14
10.05
14.76
 3.04
 0.28
 0.08
38.08
31.41
 6.37
26.23
35.15
 1.71
21.54
28.78
 0.00
38.17
25.82
21.62
 0.37
 0.00
10.90
14.11
 0.00
14.43
26.53
 0.00
 0.28
12.25
 0.00
24.03
 0.10
16.59
26.53
15.82
 0.00
11.71
33.12
15.07
32.11
 1.04
22.95
 0.64
29.22
 5.63
14.03
13.81
21.73
15.64
11.86
 1.31
14.12
31.83
 0.03
35.02
 2.47
 0.29
 8.41
 0.00
23.76
34.28
23.11
19.30
 0.02
 0.00
 0.15
 1.98
 2.00
18.29
35.73
 0.00
 6.18
29.77
15.53
 4.33
 8.89
 5.20
27.63
33.03
24.17
10.76
 1.28
15.66
 2.58
 0.38
 4.53
15.72
 1.87
 0.06
 3.18
12.94
10.93
 4.48
 0.00
 6.87
27.30
 0.00
 0.00
 0.00
18.17
 9.85
34.91
 0.68
 0.00
 0.00
15.80
33.49
16.33
 0.12
29.41
 0.00
12.08
 6.24
 0.70
 7.06
33.81
 6.45
27.44
 0.00
 0.23
10.28
 4.85
 0.00
29.14
 3.72
30.22
 9.51
 5.52
24.52
22.31
34.68
18.11
22.97
 3.12
 4.26
33.77
23.26
28.72
 7.93
 0.83
17.83
20.39
 0.60
 0.00
28.53
18.69
 0.37
 0.62
 0.19
24.63
12.61
14.92
29.14
12.38
15.70
 0.33
 0.00
30.33
19.23
 0.62
 0.07
12.46
22.53
 8.25
 0.00
18.32
 2.19
19.83
22.88
17.32
17.28
 0.98
19.43
27.90
20.30
32.07
 1.48
 0.00
 0.10
23.43
25.63
13.26
32.12
18.54
 0.00
 0.00
22.93
27.34
 5.87
21.70
18.58
33.68
 0.06
25.90
16.56
15.41
 5.56
27.75
 4.40
23.63
 0.10
27.31
 0.02
22.36
 8.63
12.87
 2.81
 0.01
30.60
32.62
25.54
 7.21
 2.00
 0.50
18.52
31.77
14.68
 8.07
 0.83
 1.95
 0.51
28.38
27.75
 7.61
16.07
18.97
 0.68
24.69
28.39
 0.00
40.91
27.37
11.48
 0.02
 0.00
32.75
35.28
29.47
 7.71
16.80
13.55
28.69
15.00
15.36
 0.12
 3.37
19.43
30.17
 4.76
 5.70
10.02
14.49
 3.70
27.42
 4.87
16.00
20.95
 9.59
 0.02
 0.00
34.05
 0.00
 0.00
18.72
17.36
10.74
 9.89
 0.00
31.57
 0.56
 9.37
 0.00
 0.00
 0.02
 6.93
22.16
21.36
10.57
21.31
11.08
18.91
 0.00
24.28
29.46
 0.68
11.49
27.76
31.60
 7.31
 0.00
11.51
 0.56
10.48
40.22
23.32
 0.08
27.36
 0.00
 0.00
15.56
34.75
10.26
 0.00
 0.00
 6.74
 9.68
 0.04
27.45
 7.36
 6.67
 0.22
 9.83
 2.64
15.44
14.29
24.99
 0.99
31.17
30.74
24.32
13.67
36.85
28.79
29.29
12.29
32.94
 0.80
 0.14
23.16
 0.26
24.56
28.82
32.72
29.44
35.48
 8.11
22.17
 1.61
29.00
30.40
23.82
14.35
21.41
 4.53
10.34
10.09
20.33
25.20
 7.01
11.09
25.82
25.57
29.22
 9.46
22.86
28.74
 0.02
23.29
17.23
27.19
 0.00
 9.59
35.71
11.55
34.22
 5.03
19.69
27.44
19.96
12.69
25.67
 2.21
 4.79
23.84
22.12
24.87
10.70
 0.10
 0.01
27.79
 1.82
23.55
14.19
27.13
35.84
 3.11
 5.05
14.33
26.50
32.67
 2.24
 1.52
31.21
15.02
19.32
 1.98
 4.59
12.89
 0.00
 0.00
 0.78
 0.93
10.64
10.01
17.40
 0.00
 6.51
21.33
22.86
12.49
36.96
38.00
 6.44
35.76
 0.00
 0.00
 3.03
12.23
 0.00
 2.51
 7.14
21.00
 2.39
10.80
18.95
32.74
31.13
 0.01
 1.23
11.72
12.24
27.95
 4.37
25.14
 0.00
 4.01
 7.21
 9.73
 5.48
 2.66
 3.39
33.83
30.82
27.01
 6.70
24.52
14.30
 0.36
32.30
 8.04
31.90
 0.00
11.14
 5.24
 1.01
33.81
12.75
10.42
37.11
12.56
 4.86
 0.00
 2.39
 0.00
10.00
12.72
12.52
16.16
12.43
20.62
 0.00
 3.73
 3.59
 0.00
 7.48
 5.19
 4.75
 0.23
19.62
 0.09
19.26
 3.90
23.96
 8.23
15.77
22.14
 9.91
 5.44
32.22
 0.00
 6.29
34.46
 0.02
28.51
10.63
 0.00
31.96
24.71
20.85
30.16
 4.08
13.07
34.90
40.02
24.29
 7.26
 6.95
 0.00
13.25
 6.43
30.94
18.39
35.15
16.59
30.24
 9.83
 0.02
 0.15
25.94
 1.60
18.34
 0.00
17.86
 0.00
29.99
 0.58
 0.00
14.09
11.74
 7.51
14.99
31.44
23.02
17.16
23.44
 0.01
 0.56
 6.74
33.91
26.65
11.35
 0.00
23.86
21.47
25.05
12.24
 7.00
19.98
 0.00
17.65
28.42
 0.10
29.39
 0.10
17.55
 0.50
26.27
21.42
 0.04
15.93
11.03
 1.00
22.30
18.63
20.24
 0.48
 6.05
 5.82
 6.04
 0.57
 0.00
 0.00
23.98
11.18
31.45
 0.45
35.06
 0.68
18.64
 2.98
31.00
 7.53
 5.08
 0.00
13.39
 0.44
15.88
 0.10
24.71
25.54
 9.66
 5.67
26.80
23.97
29.45
10.40
25.50
16.26
 4.57
 0.00
22.49
34.21
10.11
21.39
38.82
 2.45
33.90
21.98
 0.00
 6.06
36.83
31.02
 3.03
22.45
37.45
18.16
19.95
21.87
27.18
26.39
21.44
23.21
 0.26
 0.07
 5.71
16.68
19.99
39.48
 0.94
30.40
 0.75
13.57
28.30
17.40
12.93
20.42
 0.00
 0.00
 9.47
36.50
 4.50
 0.04
 7.91
 9.72
 7.33
28.15
29.83
 5.33
26.54
 1.37
14.71
36.84
20.02
12.82
 0.01
 1.35
16.92
25.92
33.45
 0.74
26.70
14.12
29.10
31.19
30.20
15.32
20.91
 0.00
29.47
32.57
10.20
 8.44
10.31
 0.00
16.28
29.58
 5.73
26.43
24.18
31.03
 0.01
 3.63
27.39
32.77
 5.76
11.44
 1.69
 3.99
 3.27
34.18
22.83
 0.04
29.58
19.52
 7.30
 0.13
 3.89
13.57
 1.14
27.41
 0.00
 0.00
24.48
23.36
18.89
16.60
11.14
 0.00
 4.93
 0.00
 0.00
 1.00
 2.36
28.75
20.01
 0.00
27.04
 0.05
 8.18
 0.00
23.59
 9.55
25.29
 0.00
24.33
 0.00
 0.80
18.57
 0.00
 3.37
 4.20
 0.02
33.50
20.19
32.85
 3.79
16.55
 1.18
 0.00
26.68
 4.00
24.82
18.16
 0.00
 0.00
33.26
 0.00
35.09
30.39
 6.35
 0.70
15.27
21.79
 1.16
 8.56
23.07
 3.20
 6.93
21.31
 0.01
 0.00
33.11
 8.73
 0.00
 1.73
14.78
24.88
31.73
 3.21
 0.28
 4.06
13.49
16.04
15.31
26.58
11.39
 0.17
 2.00
27.41
 1.42
 0.00
10.64
16.45
20.19
 1.32
 0.09
30.15
15.63
27.28
31.10
 0.00
 0.00
 0.00
 5.47
25.33
24.06
27.56
14.27
 0.00
16.50
 5.37
14.18
29.73
21.18
17.50
 9.96
 7.44
 9.18
 1.32
17.93
 3.21
27.30
40.46
21.39
20.82
20.18
11.03
 0.24
21.48
 0.00
24.10
 0.02
 0.00
22.09
32.82
31.52
 0.00
 0.29
32.48
 6.41
35.06
 0.23
12.81
33.67
38.91
20.52
33.58
 0.73
32.90
 6.77
 0.00
 4.40
32.58
24.26
14.62
26.53
20.46
 1.17
17.46
18.43
15.23
17.15
 5.76
21.59
34.96
14.24
 0.00
23.86
11.37
24.37
13.18
 0.49
 7.53
 0.20
37.67
27.53
15.37
23.18
22.32
29.36
 4.92
20.48
24.00
30.88
 0.22
29.88
21.83
25.53
37.52
36.75
 9.71
37.42
 0.00
29.39
 0.83
33.21
12.24
28.24
19.74
12.76
36.76
 0.00
27.85
20.34
22.36
 1.14
36.51
 7.39
21.28
32.12
 9.72
 1.98
 8.16
 4.06
19.40
 0.00
32.30
 0.00
12.87
34.54
 6.20
16.73
29.39
19.69
31.68
25.09
 0.25
22.04
31.11
13.85
40.72
 0.06
 0.00
11.30
 0.67
 0.00
 0.00
 0.00
27.48
15.18
22.24
10.77
 5.50
23.07
15.25
 0.00
19.61
19.53
30.98
32.75
17.40
 0.00
 1.48
 7.69
28.41
 0.00
 0.00
21.37
17.75
26.88
24.59
23.46
13.05
12.64
32.77
 0.00
 1.62
 0.00
 0.01
30.25
23.14
31.99
33.17
 0.00
 2.60
 0.00
14.04
21.28
24.73
22.03
 0.00
 0.00
 9.22
22.28
 9.27
 0.00
 0.00
24.54
 6.92
 0.00
 8.61
14.29
 0.54
 6.42
 0.54
22.27
28.58
 0.00
 0.09
17.13
26.64
22.09
29.59
 5.42
23.37
 2.69
33.37
 9.20
 1.74
 4.14
 0.00
29.99
34.89
14.08
19.60
 8.91
 0.00
21.10
28.46
 0.00
12.13
 8.76
 4.02
 4.74
24.18
19.74
 0.02
 0.94
23.41
27.15
 0.98
 4.92
 2.72
 0.03
14.55
26.99
 0.00
 0.06
 5.75
 3.21
 0.00
26.19
 0.00
 2.88
34.63
25.59
 1.43
12.36
 0.00
 0.00
 8.36
 0.00
 3.85
19.44
 0.00
10.35
11.08
24.09
36.17
 0.00
17.16
 0.47
16.29
 9.38
 0.00
37.73
27.10
34.97
 1.09
 0.01
31.28
16.82
22.87
 0.00
 1.05
 4.90
 0.42
32.24
24.71
 2.75
23.28
13.63
 1.19
 1.77
 0.00
 0.00
 5.20
15.75
 9.62
27.76
32.32
 0.04
32.49
21.68
 0.86
 2.02
32.69
 1.07
 7.54
 0.03
 0.00
20.14
24.92
 2.70
 0.00
 6.57
24.63
 1.60
 0.12
30.43
30.22
32.59
 0.36
15.39
14.27
10.44
22.54
 0.12
18.95
21.69
31.92
22.19
 0.06
13.70
 0.00
20.58
30.42
20.08
 3.55
 2.27
11.20
 0.01
18.45
 2.41
31.16
23.04
19.60
 1.75
16.17
 0.00
18.70
25.26
21.72
 4.71
 4.14
 0.35
 0.90
12.56
 0.84
18.53
27.96
22.64
24.20
 7.77
10.49
14.45
10.04
 1.22
 0.18
16.94
 3.22
12.92
 0.80
32.75
 0.01
